.Random.seed <-
c(403L, 256L, 868475813L, 673756506L, -370192046L, -260995800L, 
1764538103L, 738598771L, 353403587L, -11263846L, 1301028345L, 
-677417340L, 956210903L, 659372890L, 1899203993L, 837698029L, 
-1122095913L, -1839690747L, -542507585L, 1746364351L, -1806875316L, 
-491825594L, -886460919L, 1226901941L, -308734731L, -119531626L, 
-1856113616L, 992571396L, -963349415L, 1151012627L, 1613045825L, 
1144841508L, -1724924400L, -960600085L, 926439327L, -181258022L, 
-850405175L, 1856811782L, -548659501L, -1828833523L, 701867778L, 
417679010L, -219996334L, -248932598L, 929117576L, -1905815657L, 
-34167322L, 627854343L, -1299207274L, -1845587980L, -1852348155L, 
480811088L, -1900702618L, 1799033473L, 237884084L, 1497878480L, 
1139419192L, -502753346L, -1779242407L, 386934204L, 429158907L, 
-1726116750L, -125699637L, -564222L, 1313674878L, -1744625406L, 
-125967144L, -61968052L, -156387463L, -469137521L, -1541600207L, 
-208391174L, 1422087615L, -1024785909L, 412927524L, 501253785L, 
-396445905L, 96177358L, -129670277L, 1340860096L, -328886324L, 
-891743327L, -2143516976L, 558948920L, 778876725L, 506814674L, 
-1581266485L, 178335443L, -494185337L, 2070361286L, -1359952039L, 
945721324L, 215629273L, 728930234L, 1705778559L, -355547670L, 
1919908187L, -378817560L, -391480857L, 1516969712L, 498293372L, 
-1370520070L, -952487755L, 1927258536L, 2070651884L, 414484309L, 
1216165536L, -499451150L, 393091314L, 582673731L, 1898912278L, 
-1323901606L, -1976253553L, -932002418L, -1089754045L, 1993582563L, 
717433903L, 158604933L, -1922270373L, -313260801L, 300834803L, 
888449968L, 1286121086L, -513854921L, -942540606L, -1455330955L, 
1350465116L, 998525345L, -1311044353L, 2001596898L, -355758254L, 
172221137L, 193779075L, 1290298605L, 1925969849L, 758457739L, 
88457525L, 1632289730L, -840276816L, 882360659L, -860423916L, 
-943659475L, 426007791L, 1240132143L, 960443993L, -532448429L, 
-882900460L, 691416576L, -1363979453L, 1404329493L, 853090079L, 
666318601L, 946582881L, -2000696858L, -519562283L, -136077163L, 
-2047482020L, 358076760L, -551166105L, 2131397298L, 326363368L, 
-400448481L, -443953370L, 2041847743L, 335391012L, -1140985381L, 
1978600001L, 1693770283L, -559985472L, 1367023780L, 1678801949L, 
558533355L, 2089052367L, -99921770L, 1658806280L, -1311338465L, 
-768888920L, 966960072L, -1818052956L, 1812545373L, -440250703L, 
-1327856500L, -1869226618L, -2044936778L, -451390912L, -89811270L, 
1542330362L, 349335869L, 1277616048L, -107686294L, 782081675L, 
-2053611103L, -1501164233L, 584042398L, 1328677194L, 1668068043L, 
577963786L, 1479017227L, 789406709L, -623224247L, -1048889808L, 
-439589049L, 473651902L, 813520302L, 1038276042L, -684043720L, 
363488113L, -1377807213L, 183425419L, -1245809157L, -1167838406L, 
-673953327L, -1960766920L, 896008054L, 632951267L, 1886998066L, 
-545969894L, 946869348L, -1297826625L, -1835253709L, 1023818286L, 
110431418L, -879050215L, -778937741L, 1014696719L, 1860316266L, 
196277777L, 1591050597L, 450457167L, -1381997110L, -1251790937L, 
-961108583L, 912406800L, 1467993271L, 364924494L, -759607668L, 
-1009733100L, -1917118698L, -1901025195L, 1408389896L, 1907906571L, 
818647675L, -1197664170L, -414675456L, -2016568460L, -720400995L, 
947688749L, -1793759821L, 1224715726L, -1693144687L, 117323572L, 
1045011320L, -1341922520L, -1469534827L, -1925483500L, -323201802L, 
-1285721915L, 1556258845L, -18446736L, 831445396L, -2039971850L, 
446314901L, 1137300381L, -639250795L, -1800536289L, -1881042920L, 
719033713L, 498613783L, 1166019074L, 1760601519L, -167629018L, 
267340956L, -228368811L, -929455147L, 738812997L, -1074583309L, 
-1019343001L, 105342512L, 923030555L, 860276320L, 262860478L, 
-2102556800L, -1126727592L, 685128238L, 1788164697L, -1781301019L, 
92976542L, -660764911L, -407170924L, -680502042L, -563788543L, 
-1505871877L, 1160379837L, -680338814L, 1900243580L, -1981487901L, 
-1782421986L, 963974073L, -370475374L, -2069278086L, 77556350L, 
1636005904L, 1306253095L, -1079770137L, -159757727L, 140753898L, 
-1992145758L, -1642848758L, 1561933458L, 1466294586L, 515502031L, 
336669429L, 598457480L, 412298521L, 1515418487L, 1184538681L, 
-161721892L, 1339901810L, -1583229441L, 1699428796L, 1519007289L, 
-1218648985L, 1637099511L, -206031624L, 1387066708L, 1240468130L, 
-377999695L, 1312581404L, -874944035L, 825879923L, -1996669713L, 
411368205L, -1858305111L, 38417869L, -1255335926L, 1702557588L, 
-746524554L, -1828292959L, -1853001697L, -1041575176L, 1761286962L, 
-2069842410L, 862295244L, -1811753926L, -1583428718L, -203625495L, 
1928419968L, 1874406880L, 2064247965L, -1206354009L, 1718770119L, 
-1771492791L, 798862649L, -1742859636L, -1337970703L, -659344214L, 
1541804918L, 1083949997L, 698931259L, -1712171705L, -53231805L, 
2127346036L, -583489850L, 32808914L, 70544105L, 1752166339L, 
-1144827767L, 2073015202L, -779510660L, 1419105456L, 287002350L, 
-453415284L, -526311563L, -360588900L, -1819647535L, 1394970979L, 
-1874117269L, 468679260L, -1780013120L, 1895262622L, -124600857L, 
-1650633366L, -1922873678L, 542582036L, -1936362060L, -485458766L, 
1623220828L, 560473926L, -1077848379L, -1915151946L, 1568835903L, 
-1742231823L, 177088630L, 1145434179L, 2099644135L, 395339435L, 
1153486229L, -887886264L, -1308544760L, -723495960L, -206998976L, 
388736888L, 1268833255L, 1266652815L, 1389498122L, 1662896805L, 
-1579212991L, -1537057342L, -1420179243L, 1576339427L, -1779327258L, 
640828798L, 701450930L, 376303030L, 1862664376L, -922104439L, 
-1240936357L, 868930101L, -790592947L, 973340293L, -315570764L, 
1328726609L, -1823905762L, 279941677L, 2080039345L, -739985922L, 
-1082746790L, 1188298276L, 499563955L, 2054850633L, 1061943023L, 
1780893475L, 212527542L, -169788561L, 2034768602L, 1452843482L, 
1027493295L, 1591164565L, -478171797L, -463995115L, 1266674545L, 
-535761904L, 84469845L, 1345989321L, -761172037L, 1607739127L, 
1317722111L, 1903624254L, 1107614136L, 1683115232L, -1832863655L, 
-527108026L, -1404353037L, -2017698873L, -639810413L, 1059868418L, 
-804339320L, 839439443L, 1049889748L, 10968201L, 2001203492L, 
791880333L, -1586151160L, -769938991L, 1419837278L, -2087179170L, 
2003640149L, -1350790263L, -1057089040L, 1981830141L, 1576408029L, 
115035710L, 1258637218L, 1228471382L, 2115799343L, 496985134L, 
1541204083L, -1367684014L, -367567939L, 1168741028L, -215564156L, 
-392647466L, 1921490505L, -1632728841L, 776673533L, 1000907307L, 
-1812001000L, 1827720251L, -1526297273L, -2038239499L, -770917295L, 
-351663028L, -1866632223L, 1428377236L, 1820296325L, 1182699011L, 
254647691L, 1355319062L, -1286946840L, 1552172355L, 853164884L, 
635466954L, 752172268L, -55140101L, -433332693L, -808968279L, 
185923813L, 1535322394L, -396800533L, -1004360967L, 287250318L, 
159522635L, -1878664345L, 968778342L, 1965331376L, 261145556L, 
1715278518L, -876557909L, -1248046475L, 1427955181L, -2119800317L, 
1118057952L, -2080593860L, -1700476472L, 591867743L, 1396026716L, 
2146448583L, 1725499095L, -1581740584L, -82002260L, 1062522355L, 
621349289L, -65520863L, -1942708104L, -1174790127L, -463493994L, 
-1129856100L, -1599208546L, 1261251751L, 2110485971L, -1177150342L, 
1936074780L, 1162015961L, 1605502688L, 1929615127L, 1298911349L, 
671935133L, 1488938363L, -1967724471L, 926853356L, -301332856L, 
-453560973L, -1021248862L, -2145907347L, -1521262405L, -1165843443L, 
9367551L, 270873303L, -1915955586L, -578592084L, 265968528L, 
-204376069L, 665649096L, 1544259836L, 917445088L, 677402506L, 
-1162817329L, 247462416L, -146911422L, -175815849L, 1969774767L, 
-1231919716L, -311464540L, -2098216354L, 1094430287L, 496420175L, 
719136629L, 1681005231L, 789059825L, 1308437611L, -1585590852L, 
111619596L, 1069047762L, -1610953112L, 893677696L, 1766323813L, 
364818126L, 610932014L, -133204004L, -89756360L, -1960939809L, 
-1166378370L, -1495978457L, -122163245L, 628734211L, 168691531L, 
-236813919L, 397461337L, -1195188035L, 1080474501L, -718754835L, 
-447224577L, 222258713L, -1816436158L, -1983995501L, -1914798081L, 
